line1tt = [68 194 137 1234 482 1050 456 161 196];
line2tt = [144 42 575 535 430 100 91 114 404 1036 820];
line3tt = [3699 554 1062 990 1744 554 3039 1179];
line4tt = [209 22 278 1788 208 533 560 1297 115 16 ...
    337 43 1267 460 93 879 962 1787 273 948 212 1083 ...
    202 588 305 96 341 893 620 80 797 342 518];
line5tt = [408 884 374 328 141 168 73 214 399 886 ...
    198 1997 393 189 824 185 459 2574 144];

transittimes = {[line1tt] ; [line2tt] ; [line3tt] ; [line4tt] ; [line5tt]};

ymrtt = [309 2227 727 1355 2601];

%stat format = [mean stdev coefVar stderrofmean]
line1stat = [442 423.1734278 0.9574059453 141.0578093];
line2stat = [390.0909091 330.2361139 0.8465619326 99.56993472];
line3stat = [1602.625 1166.448816 0.7278364031 412.4019337];
line4stat = [550.0606061 484.3690444 0.7916143729 84.31782787];
line5stat = [570.4210526 660.1372177 1.157280599 151.4458643];

proliferation = [0.7166116388 0.7683094314 0.8572080029 ...
    1.040072988 0.9747951095];
